日付,始値,高値,安値,終値,5日平均,25日平均,75日平均,VWAP,出来高,5日平均,25日平均
2022/5/13,7186,7219,7162,7202,7363,7485.8,7014.33,7187.5081,139844,117569,156928.24
2022/5/12,7363,7386,7330,7332,7424.6,7485.6,7002.93,7361.5884,97782,110632.8,153239.8
2022/5/11,7306,7335,7302,7319,7465.8,7482,6990.24,7315.3859,92629,121480.6,153923.8
2022/5/10,7420,7449,7370,7438,7493.6,7476.12,6977.73,7400.437,162188,128754,153690.16
2022/5/9,7526,7535,7519,7524,7492,7465.56,6963.54,7527.5571,95402,117840,151224.2
2022/5/6,7481,7519,7469,7510,7483.2,7455.6,6948.72,7493.9759,105163,154450.8,153351.4
2022/5/2,7542,7551,7509,7538,7485,7446.4,6934.32,7532.6041,152021,185043.4,154962.6
2022/4/28,7413,7470,7410,7458,7508.6,7436.68,6918.88,7435.9821,128996,178871.8,153522.2
2022/4/27,7434,7438,7411,7430,7551,7426.48,6904.17,7426.0778,107618,187281.4,153045.28
2022/4/26,7409,7482,7403,7480,7596.6,7413.52,6890.46,7430.583,278456,216374.6,152691.16
2022/4/25,7604,7606,7513,7519,7650.8,7399.72,6876.97,7548.3415,258126,219604.6,144702.28
2022/4/22,7676,7687,7650,7656,7690.2,7379.76,6862.04,7671.1266,121163,223661.2,139904.8
2022/4/21,7678,7692,7662,7670,7698.8,7354.48,6844.56,7678.6372,171044,246988.8,138655
2022/4/20,7720,7720,7625,7658,7680.4,7324.92,6827.06,7682.2151,253084,248580.2,136639.16
2022/4/19,7743,7756,7714,7751,7666.6,7296.6,6809.98,7733.5742,294606,237555.4,137317.4
2022/4/18,7721,7731,7695,7716,7623.4,7270.24,6791.14,7719.829,278409,218816.2,131171.52
2022/4/15,7636,7708,7608,7699,7569,7244.08,6772.76,7656.8619,237801,192000.4,125652.56
2022/4/14,7598,7600,7558,7578,7493,7218.24,6754.45,7585.3516,179001,157428.2,126094.32
2022/4/13,7571,7591,7550,7589,7431,7205.76,6736.76,7570.9911,197960,129587.8,135986.28
2022/4/12,7503,7536,7480,7535,7369,7184.92,6719.01,7514.8618,200910,108141.8,137293.4
2022/4/11,7398,7444,7386,7444,7308.6,7164.92,6702.16,7410.9636,144330,74200.6,143355.08
2022/4/8,7322,7328,7298,7319,7259.2,7141.36,6686.74,7316.7125,64940,54861.2,146389.4
2022/4/7,7278,7284,7255,7268,7243.8,7120.72,6672.3,7271.1072,39799,64849.6,148884.72
2022/4/6,7253,7288,7246,7279,7224.6,7102.2,6657.66,7264.5364,90730,74247.4,153685.16
2022/4/5,7243,7253,7210,7233,7203.6,7079.4,6643.7,7233.0078,31204,76209.2,154398.12
2022/4/4,7216,7216,7183,7197,7212,7059.4,6630.13,7202.0983,47633,99684.8,161466.92
2022/4/1,7205,7257,7200,7242,7228.6,7040.72,6616.69,7227.1367,114882,119246.8,170625.68
2022/3/31,7212,7222,7172,7172,7239.2,7023.24,6603.22,7203.2628,86788,119472.6,178834.92
2022/3/30,7217,7218,7151,7174,7245.4,7004.76,6590.77,7187.0342,100539,125529.6,180700.4
2022/3/29,7275,7305,7238,7275,7231.8,6984.36,6577.9,7272.144,148582,125174.8,183077.08
2022/3/28,7308,7330,7280,7280,7203.8,6959.88,6563.33,7304.7648,145443,111205.2,186013.96
2022/3/25,7321,7333,7264,7295,7151.8,6933.48,6548.46,7304.9168,116011,109754.4,183769.36
2022/3/24,7196,7224,7182,7203,7097.6,6904.08,6533.44,7202.9096,117073,104535.8,184328.56
2022/3/23,7112,7118,7088,7106,7043.2,6881.88,6520.45,7101.9741,98765,105250.8,186770.56
2022/3/22,7079,7135,7071,7135,7012,6860.48,6508.7,7100.0174,78734,139505.8,190043.36
2022/3/18,7032,7048,7000,7020,7003.4,6835.04,6496.62,7029.6187,138189,151950.8,188552.44
2022/3/17,6993,7030,6993,7024,7011.8,6812.96,6487.02,7006.2447,89918,152400,186059.88
2022/3/16,6914,6946,6914,6931,7017.6,6790.12,6477.64,6925.5351,120648,184185.4,185368.8
2022/3/15,7047,7050,6950,6950,7084.6,6769.24,6469.36,7006.3334,270040,245315.8,183190.04
2022/3/14,7080,7116,7068,7092,7108.2,6746.32,6462.42,7091.1009,140959,237435.4,174159.6
2022/3/11,7094,7099,7061,7062,7096.8,6716.64,6454.26,7084.8304,140435,279734,169298.24
2022/3/10,7055,7069,7010,7053,7055.4,6687.68,6446.9,7045.6885,248845,295684.6,165793.2
2022/3/9,7262,7349,7240,7266,7005.4,6660.4,6439.66,7290.3008,426300,271380.2,158446.72
2022/3/8,7121,7122,7036,7068,6913.2,6622.8,6429.45,7091.658,230638,218082.2,144368
2022/3/7,7001,7100,6990,7035,6841.4,6594.4,6421.21,7038.1759,352452,193665.4,136936.84
2022/3/4,6827,6875,6827,6855,6781,6567.76,6413.94,6853.9938,220188,164759.8,127933.52
2022/3/3,6817,6820,6799,6803,6756,6551.6,6408.68,6810.5533,127323,176042.6,122773.56
2022/3/2,6805,6823,6790,6805,6756.4,6536.6,6401.97,6809.8102,159810,214600.6,121061
2022/3/1,6702,6709,6686,6709,6737.4,6520.68,6394.84,6696.2338,108554,209323.6,117132.16
2022/2/28,6731,6757,6724,6733,6728.4,6509.24,6389.25,6734.5009,207924,219604,115461.12
2022/2/25,6725,6770,6721,6730,6714.4,6497.8,6382.41,6733.7151,276602,222420,109811.48
2022/2/24,6720,6815,6715,6805,6692.4,6482.48,6375.08,6767.1564,320113,184965.2,100276.2
2022/2/22,6710,6721,6691,6710,6643.4,6465.48,6367.41,6708.576,133425,146940.8,88774.08
2022/2/21,6709,6717,6655,6664,6631,6452.32,6360.48,6681.9371,159956,155880.4,84386.64
2022/2/18,6689,6694,6654,6663,6612.4,6440.72,6354.16,6678.2976,222004,160006.2,80923.6
2022/2/17,6610,6625,6602,6620,6579.6,6430.68,6348.78,6613.887,89328,123897.6,73526.84
2022/2/16,6569,6572,6553,6560,6549.2,6423.08,6343.45,6560.4007,129991,121207,71410.44
2022/2/15,6624,6648,6611,6648,6527.8,6415.88,6339.85,6636.5535,178123,109737,67702.56
2022/2/14,6599,6600,6550,6571,6480,6404.16,6334.41,6577.8351,180585,87348.2,63334.48
2022/2/10,6486,6499,6481,6499,6441.2,6397.4,6329.73,6489.5887,41461,60087,59848.92
2022/2/9,6465,6470,6460,6468,6411.4,6396.16,6326.14,6464.4449,75875,55679.8,67333.6
2022/2/8,6445,6459,6437,6453,6385.4,6393.4,6322.7,6449.1444,72641,51066.6,66906.64
2022/2/7,6419,6424,6403,6409,6369,6389.08,6319.33,6416.0603,66179,49575,66045.8
2022/2/4,6373,6382,6367,6377,6352.4,6387.04,6316.41,6376.2735,44279,51205.6,65197.76
2022/2/3,6347,6350,6340,6350,6348.6,6387.04,6314.58,6346.3632,19425,51321.6,66236.2
2022/2/2,6339,6341,6331,6338,6352.4,6386.56,6312.72,6335.9286,52809,72910.4,69520.16
2022/2/1,6349,6372,6336,6371,6375,6386.52,6309.54,6348.2755,65183,80586.4,68550.16
2022/1/31,6327,6346,6321,6326,6386.4,6384.72,6306.06,6328.8072,74332,84451.6,68805.84
2022/1/28,6350,6362,6342,6358,6402.6,6381.72,6302.38,6353.9434,44859,81903,66996.32
2022/1/27,6400,6405,6364,6369,6415.6,6377.72,6297.88,6384.7286,127369,86286.8,66373.24
2022/1/26,6449,6452,6436,6451,6431.2,6373.8,6293.09,6445.8138,91189,74149.6,63983.6
2022/1/25,6443,6443,6414,6428,6410.4,6367.28,6287.21,6426.5619,84509,63555.8,62703.64
2022/1/24,6398,6416,6387,6407,6400.8,6359.6,6281.37,6401.1042,61589,53166,62737.04
2022/1/21,6418,6423,6400,6423,6395.6,6350.12,6275.81,6411.7964,66778,45596,63947.76
2022/1/20,6441,6447,6432,6447,6385.8,6342.48,6269.9,6441.7259,66683,46916.4,62963.44
2022/1/19,6361,6374,6341,6347,6378.8,6333.2,6263.14,6356.1468,38220,40996.8,62536.8
2022/1/18,6384,6403,6377,6380,6395.4,6326.88,6257.72,6387.449,32560,40636.4,63095.08
2022/1/17,6359,6381,6343,6381,6395.4,6320.96,6251.85,6362.1757,23739,41583.2,63191.64
2022/1/14,6368,6374,6351,6374,6390.2,6315.24,6246.1,6363.7424,73380,50619.6,64542.84
2022/1/13,6417,6417,6401,6412,6395.8,6308.64,6240.32,6408.3241,37085,54632.8,63178.8
2022/1/12,6427,6440,6418,6430,6407,6299.44,6234.56,6427.1311,36418,92931.4,64163.68
2022/1/11,6363,6384,6360,6380,6400.8,6288.84,6227.89,6370.1951,37294,98688,67256.68
2022/1/7,6366,6372,6354,6355,6393.8,6280.36,6222.16,6362.4145,68921,101453.2,71212.04
2022/1/6,6444,6446,6402,6402,6394.4,6275.32,6217.42,6422.5328,93446,96664.6,74570.88
2022/1/5,6460,6470,6452,6468,6389.4,6268.24,6212.86,6461.0014,228578,92023.4,73879
2022/1/4,6377,6403,6367,6399,6363.4,6258.68,6207.16,6386.5416,65201,66612.6,69465.64
2021/12/30,6351,6359,6337,6345,6351,6254.72,6202.1,6348.5451,51120,59284.2,70241.52
2021/12/29,6349,6359,6340,6358,6347.2,6253.72,6198.17,6349.1724,44978,63375.2,71380.2
2021/12/28,6370,6377,6359,6377,6325.8,6251.8,6193.66,6368.3248,70240,60198.4,74242.56
2021/12/27,6336,6356,6332,6338,6302,6253.92,6189.57,6340.1562,101524,52006.8,76232.68
2021/12/24,6335,6340,6328,6337,6288.6,6259.6,6186.4,6334.4102,28559,45227.6,74942.84
2021/12/23,6306,6326,6304,6326,6278.8,6266.52,6183.64,6314.8057,71575,51353.8,77000.04
2021/12/22,6258,6265,6251,6251,6260.8,6273.88,6180.49,6258.3277,29094,54107.6,77838.44
2021/12/21,6251,6258,6235,6258,6244.6,6283.84,6178.48,6245.5486,29282,66660.2,83561.6
2021/12/20,6278,6288,6268,6271,6239.4,6291.52,6176.5,6274.7877,67628,69237.8,88565.76
2021/12/17,6270,6295,6270,6288,6228.2,6300.28,6174.22,6281.2556,59190,66915.6,92760.44
2021/12/16,6223,6240,6212,6236,6208.4,6307.16,6171.58,6224.623,85344,65513,100990.72
2021/12/15,6189,6194,6162,6170,6207.6,6309.72,6169.37,6179.4622,91857,55439,101855.72
2021/12/14,6219,6240,6219,6232,6221.2,6313.72,6167.1,6227.6304,42170,48571.4,103171.28
2021/12/13,6208,6231,6206,6215,6216.6,6316.04,6164.28,6215.3698,56017,47993.2,108079.64
2021/12/10,6184,6208,6180,6189,6210,6316.24,6162.21,6191.3352,52177,49131.2,111907.76
2021/12/9,6224,6234,6222,6232,6205.2,6315.88,6159.82,6227.568,34974,61444.4,113044.48
2021/12/8,6220,6238,6210,6238,6192.4,6315.8,6156.33,6223.3389,57519,81685.2,116888.96
2021/12/7,6205,6215,6191,6209,6190.6,6313.88,6153.16,6204.1091,39279,100759.8,126433.8
2021/12/6,6186,6197,6178,6182,6193.8,6313.12,6150.5,6185.9338,61707,108133.8,153275.36
2021/12/3,6132,6165,6128,6165,6203.2,6316.24,6148.08,6147.8083,113743,119441.2,152926.96
2021/12/2,6167,6189,6158,6168,6230.2,6318.44,6144.94,6171.0706,136178,113612.2,151362.96
2021/12/1,6150,6238,6141,6229,6260.6,6323.32,6141.9,6171.587,152892,102294,149625.36
2021/11/30,6220,6227,6202,6225,6276.8,6323.76,6137.52,6218.6983,76149,95023,149099.08
2021/11/29,6239,6244,6225,6229,6317.8,6323.56,6132.92,6233.8466,118244,103791.8,150260.44
2021/11/26,6300,6300,6280,6300,6368,6323.6,6128,6294.3425,84598,93998.6,153175.6
2021/11/25,6300,6320,6300,6320,6410,6320,6124.4,6308.0842,79587,93076.8,153282.32
2021/11/24,6300,6320,6290,6310,6448,6315.2,6120.93,6302.4367,116537,95666.4,152205.64
2021/11/22,6420,6450,6420,6430,6486,6310.4,6117.33,6431.8382,119993,106793.6,153768.24
2021/11/19,6490,6510,6480,6480,6490,6302.8,6112.13,6493.4282,69278,113672.2,152960.92
2021/11/18,6510,6540,6500,6510,6492,6292,6106.66,6515.0363,79989,134315.6,160442.36
2021/11/17,6480,6520,6480,6510,6482,6275.6,6101.46,6496.6315,92535,171307.2,161635.56
2021/11/16,6480,6520,6470,6500,6440,6259.6,6096.13,6498.6073,172173,174194,160783.72
2021/11/15,6480,6500,6440,6450,6394,6241.6,6090.66,6465.8092,154386,164708.6,157363.48
